proj:       3
zone:       0
north:      48:10N
south:      44:50N
east:       10:50E
west:       5:50E
cols:       2400
rows:       1600
e-w resol:  0:00:07.5
n-s resol:  0:00:07.5
top:        1.000000000000000
bottom:     0.000000000000000
cols3:      2400
rows3:      1600
depths:     1
e-w resol3: 0:00:07.5
n-s resol3: 0:00:07.5
t-b resol:  1
